ObjectType = Scene
NDims = 3
NObjects = 28
ObjectType = Group
NDims = 3
ID = 50
Color = 1 0 0 1
BinaryData = False
TransformMatrix = 1 0 0 0 1 0 0 0 1
Offset = 0 0 0
CenterOfRotation = 0 0 0
ElementSpacing = 1 1 1
EndGroup = 
ObjectType = Tube
ObjectSubType = Vessel
NDims = 3
ID = 1
ParentID = 50
BinaryData = False
TransformMatrix = 1 0 0 0 1 0 0 0 1
Offset = 0 0 0
CenterOfRotation = 0 0 0
ElementSpacing = 1 1 1
Root = False
Artery = True
PointDim = x y z r rn mn bn mk v1x v1y v1z v2x v2y v2z tx ty tz a1 a2 a3 red green blue alpha id
NPoints = 75
Points = 
353.13 -88.8212 170.644 3.98476 0.182598 0.111155 1.11436 0 -0.0331867 0.645799 0 0.492606 0.0253143 0.418158 0.645799 0.0331867 -0.762786 0 0 0 1 0 0 1 -1 
353.167 -88.8195 170.599 3.98476 0.188487 0.111155 1.11436 0 -0.0331867 0.645799 0 0.492606 0.0253143 0.418158 0.645799 0.0331867 -0.762786 0 0 0 1 0 0 1 -1 
353.235 -88.8158 170.52 3.98476 0.202111 0.111155 1.11436 0 -0.0463408 0.674622 0 0.496999 0.0341396 0.457262 0.674622 0.0463408 -0.736707 0 0 0 1 0 0 1 -1 
353.301 -88.8103 170.452 3.98476 0.213496 0.111155 1.11436 0 -0.0719277 0.710464 0 0.497359 0.0503529 0.509932 0.710464 0.0719277 -0.700049 0 0 0 1 0 0 1 -1 
353.365 -88.8026 170.391 3.98476 0.22033 0.111155 1.11436 0 0.0259674 0.732843 0 0.498261 -0.0176553 0.537733 0.732843 -0.0259674 -0.679902 0 0 0 1 0 0 1 -1 
353.423 -88.8146 170.34 3.98476 0.212938 0.111155 1.11436 0 0.158927 0.729696 0 0.485281 -0.105694 0.557715 0.729696 -0.158927 -0.665045 0 0 0 1 0 0 1 -1 
353.475 -88.8266 170.291 3.98469 0.227981 0.110436 1.10218 0 0.172127 0.716011 0 0.484407 -0.11645 0.5423 0.716011 -0.172127 -0.676536 0 0 0 1 0 0 1 -1 
353.522 -88.8385 170.246 3.98461 0.241714 0.109717 1.09 0 0.151945 0.704638 0 0.48839 -0.105314 0.519602 0.704638 -0.151945 -0.693107 0 0 0 1 0 0 1 -1 
353.595 -88.8523 170.174 3.98454 0.250243 0.108999 1.07782 0 0.146129 0.696738 0 0.489308 -0.102624 0.506798 0.696738 -0.146129 -0.702283 0 0 0 1 0 0 1 -1 
353.665 -88.8684 170.102 3.98447 0.249504 0.10828 1.06564 0 0.167878 0.679625 0 0.485315 -0.11988 0.490073 0.679625 -0.167878 -0.714092 0 0 0 1 0 0 1 -1 
353.734 -88.8868 170.027 3.9844 0.24751 0.107561 1.05346 0 0.194805 0.648607 0 0.477227 -0.143332 0.45864 0.648607 -0.194805 -0.735772 0 0 0 1 0 0 1 -1 
353.8 -88.9089 169.949 3.98423 0.234938 0.109387 0.842771 0 0.226191 0.610921 0 0.463501 -0.171609 0.424386 0.610921 -0.226191 -0.758692 0 0 0 1 0 0 1 -1 
353.862 -88.9342 169.868 3.98405 0.26443 0.111213 0.632078 0 0.162578 0.594757 0 0.468249 -0.127996 0.380168 0.594757 -0.162578 -0.787294 0 0 0 1 0 0 1 -1 
353.927 -88.9437 169.78 3.98388 0.275308 0.11304 0.421386 0 0.0862787 0.587865 0 0.472846 -0.0693978 0.35303 0.587865 -0.0862787 -0.804345 0 0 0 1 0 0 1 -1 
353.992 -88.9532 169.691 3.98371 0.271077 0.114866 0.210693 0 0.0847771 0.570372 0 0.465994 -0.0692629 0.332511 0.570372 -0.0847771 -0.817 0 0 0 1 0 0 1 -1 
354.054 -88.9627 169.598 3.98354 0.267967 0.116692 0 0 0.0840163 0.544811 0 0.454557 -0.0700981 0.303877 0.544811 -0.0840163 -0.83434 0 0 0 1 0 0 1 -1 
354.115 -88.9722 169.503 3.98331 0.265896 0.117047 0 0 0.0861795 0.510166 0 0.436573 -0.0737479 0.267697 0.510166 -0.0861795 -0.855747 0 0 0 1 0 0 1 -1 
354.17 -88.9821 169.405 3.98307 0.272308 0.117402 0 0 0.0918639 0.471629 0 0.413618 -0.0805645 0.230873 0.471629 -0.0918639 -0.876999 0 0 0 1 0 0 1 -1 
354.221 -88.9929 169.304 3.98285 0.289821 0.117757 0 0 0.0949331 0.435718 0 0.389995 -0.0849711 0.198863 0.435718 -0.0949331 -0.895063 0 0 0 1 0 0 1 -1 
354.269 -89.0037 169.201 3.98261 0.291788 0.118113 0 0 0.0985885 0.401541 0 0.365611 -0.0897667 0.170955 0.401541 -0.0985885 -0.910519 0 0 0 1 0 0 1 -1 
354.313 -89.0155 169.096 3.98238 0.293743 0.118468 0 0 0.104764 0.378114 0 0.347794 -0.0963634 0.153946 0.378114 -0.104764 -0.919812 0 0 0 1 0 0 1 -1 
354.355 -89.0277 168.99 3.98192 0.29509 0.119697 0 0 0.111081 0.351123 0 0.326445 -0.103274 0.135626 0.351123 -0.111081 -0.929717 0 0 0 1 0 0 1 -1 
354.394 -89.0409 168.883 3.98145 0.292925 0.120927 0 0 0.117519 0.325736 0 0.305583 -0.110248 0.119915 0.325736 -0.117519 -0.938129 0 0 0 1 0 0 1 -1 
354.431 -89.0549 168.773 3.98098 0.290219 0.122157 0 0 0.123007 0.314872 0 0.296335 -0.115766 0.114275 0.314872 -0.123007 -0.94113 0 0 0 1 0 0 1 -1 
354.467 -89.0695 168.664 3.98051 0.288425 0.123387 0 0 0.128978 0.311319 0 0.293111 -0.121435 0.113555 0.311319 -0.128978 -0.941512 0 0 0 1 0 0 1 -1 
354.503 -89.0849 168.555 3.98004 0.291692 0.124617 0 0 0.136358 0.311584 0 0.293009 -0.128229 0.115678 0.311584 -0.136358 -0.940384 0 0 0 1 0 0 1 -1 
354.539 -89.1013 168.445 3.97872 0.309864 0.125231 0.194471 0 0.146065 0.317077 0 0.297128 -0.136875 0.121873 0.317077 -0.146065 -0.937084 0 0 0 1 0 0 1 -1 
354.577 -89.1189 168.336 3.97739 0.312734 0.125845 0.388943 0 0.15615 0.326196 0 0.304118 -0.145582 0.130787 0.326196 -0.15615 -0.932316 0 0 0 1 0 0 1 -1 
354.616 -89.1377 168.227 3.97607 0.315571 0.12646 0.583414 0 0.172379 0.324354 0 0.301681 -0.160329 0.13492 0.324354 -0.172379 -0.930097 0 0 0 1 0 0 1 -1 
354.653 -89.1591 168.119 3.97474 0.336317 0.127074 0.777885 0 0.190721 0.313189 0 0.291374 -0.177436 0.134462 0.313189 -0.190721 -0.930343 0 0 0 1 0 0 1 -1 
354.689 -89.1823 168.01 3.97342 0.334876 0.127689 0.972356 0 0.206201 0.305669 0 0.284132 -0.191672 0.135952 0.305669 -0.206201 -0.929542 0 0 0 1 0 0 1 -1 
354.724 -89.2073 167.902 3.97014 0.331597 0.125061 0.962731 0 0.222311 0.299903 0 0.278221 -0.206239 0.139364 0.299903 -0.222311 -0.927705 0 0 0 1 0 0 1 -1 
354.759 -89.2341 167.794 3.96686 0.326637 0.122433 0.953107 0 0.237704 0.293775 0 0.271991 -0.220078 0.142807 0.293775 -0.237704 -0.925847 0 0 0 1 0 0 1 -1 
354.792 -89.2626 167.687 3.96358 0.321484 0.119805 0.943482 0 0.250638 0.286034 0 0.264541 -0.231805 0.144635 0.286034 -0.250638 -0.92486 0 0 0 1 0 0 1 -1 
354.825 -89.2925 167.578 3.96031 0.317329 0.117177 0.933857 0 0.262297 0.287477 0 0.264815 -0.241621 0.151443 0.287477 -0.262297 -0.921172 0 0 0 1 0 0 1 -1 
354.859 -89.3238 167.472 3.95703 0.348083 0.114549 0.924232 0 0.273634 0.294239 0 0.269441 -0.250573 0.161452 0.294239 -0.273634 -0.915723 0 0 0 1 0 0 1 -1 
354.894 -89.3563 167.365 3.95046 0.348283 0.116168 0.913345 0 0.283318 0.30479 0 0.277147 -0.257622 0.173166 0.30479 -0.283318 -0.909304 0 0 0 1 0 0 1 -1 
354.93 -89.3898 167.26 3.94389 0.3489 0.117786 0.902457 0 0.29555 0.331163 0 0.296753 -0.26484 0.197019 0.331163 -0.29555 -0.896092 0 0 0 1 0 0 1 -1 
354.971 -89.4247 167.158 3.93732 0.368551 0.119404 0.89157 0 0.30732 0.366598 0 0.321931 -0.269875 0.22884 0.366598 -0.30732 -0.878157 0 0 0 1 0 0 1 -1 
355.015 -89.4607 167.057 3.93075 0.372709 0.121022 0.880683 0 0.318642 0.40691 0 0.348352 -0.272787 0.267109 0.40691 -0.318642 -0.856091 0 0 0 1 0 0 1 -1 
355.064 -89.4979 166.961 3.92418 0.377346 0.12264 0.869795 0 0.329332 0.446559 0 0.371511 -0.273984 0.307875 0.446559 -0.329332 -0.831941 0 0 0 1 0 0 1 -1 
355.117 -89.5362 166.867 3.91327 0.383829 0.122517 0.695836 0 0.340714 0.48725 0 0.391775 -0.273952 0.353499 0.48725 -0.340714 -0.804053 0 0 0 1 0 0 1 -1 
355.175 -89.5759 166.777 3.90236 0.38539 0.122395 0.521877 0 0.351612 0.526694 0 0.407622 -0.272122 0.401037 0.526694 -0.351612 -0.773927 0 0 0 1 0 0 1 -1 
355.238 -89.6167 166.69 3.89145 0.380294 0.122272 0.347918 0 0.361185 0.559878 0 0.417506 -0.269339 0.443918 0.559878 -0.361185 -0.745709 0 0 0 1 0 0 1 -1 
355.304 -89.6588 166.606 3.88055 0.369409 0.122149 0.173959 0 0.374016 0.588309 0 0.421783 -0.268148 0.485996 0.588309 -0.374016 -0.716941 0 0 0 1 0 0 1 -1 
355.372 -89.7022 166.526 3.86964 0.353222 0.122026 0 0 0.381569 0.616939 0 0.424655 -0.262643 0.526208 0.616939 -0.381569 -0.688325 0 0 0 1 0 0 1 -1 
355.445 -89.7462 166.448 3.85429 0.351299 0.127082 0 0 0.387019 0.644715 0 0.425003 -0.255127 0.565441 0.644715 -0.387019 -0.659211 0 0 0 1 0 0 1 -1 
355.521 -89.7912 166.374 3.83894 0.334818 0.132137 0 0 0.392463 0.665047 0 0.422546 -0.249356 0.596316 0.665047 -0.392463 -0.635362 0 0 0 1 0 0 1 -1 
355.598 -89.8365 166.302 3.82359 0.322757 0.137193 0 0 0.393386 0.677212 0 0.421088 -0.244606 0.613368 0.677212 -0.393386 -0.621797 0 0 0 1 0 0 1 -1 
355.677 -89.882 166.23 3.80825 0.315253 0.142249 0 0 0.394042 0.69139 0 0.418683 -0.238619 0.633289 0.69139 -0.394042 -0.605567 0 0 0 1 0 0 1 -1 
355.758 -89.9276 166.162 3.7929 0.319237 0.147304 0 0 0.392406 0.706013 0 0.416227 -0.231341 0.652436 0.706013 -0.392406 -0.589546 0 0 0 1 0 0 1 -1 
355.84 -89.9727 166.094 3.77444 0.327422 0.145164 0 0 0.383589 0.71955 0 0.416536 -0.222054 0.664893 0.71955 -0.383589 -0.578885 0 0 0 1 0 0 1 -1 
355.925 -90.0167 166.027 3.75597 0.340043 0.143024 0 0 0.3738 0.735204 0 0.415731 -0.21137 0.680251 0.735204 -0.3738 -0.565463 0 0 0 1 0 0 1 -1 
356.012 -90.0598 165.962 3.73751 0.356268 0.140884 0 0 0.363047 0.749353 0 0.414973 -0.201046 0.693334 0.749353 -0.363047 -0.553775 0 0 0 1 0 0 1 -1 
356.1 -90.1012 165.899 3.71904 0.360247 0.138744 0 0 0.341001 0.739243 0 0.429295 -0.198027 0.662761 0.739243 -0.341001 -0.580723 0 0 0 1 0 0 1 -1 
356.184 -90.1392 165.827 3.70058 0.367268 0.136603 0 0 0.321661 0.705622 0 0.445511 -0.203088 0.601368 0.705622 -0.321661 -0.631373 0 0 0 1 0 0 1 -1 
356.264 -90.1761 165.751 3.68177 0.377218 0.13029 0 0 0.311977 0.682814 0 0.451089 -0.206102 0.563565 0.682814 -0.311977 -0.660632 0 0 0 1 0 0 1 -1 
356.342 -90.2116 165.674 3.66297 0.389571 0.123976 0 0 0.299052 0.665845 0 0.455128 -0.204412 0.532782 0.665845 -0.299052 -0.683534 0 0 0 1 0 0 1 -1 
356.419 -90.2455 165.593 3.64416 0.397225 0.117662 0 0 0.285855 0.648252 0 0.457492 -0.201736 0.501944 0.648252 -0.285855 -0.705731 0 0 0 1 0 0 1 -1 
356.493 -90.278 165.51 3.62535 0.398242 0.111349 0 0 0.272464 0.630017 0 0.458158 -0.19814 0.471158 0.630017 -0.272464 -0.727215 0 0 0 1 0 0 1 -1 
356.565 -90.309 165.423 3.60655 0.396441 0.105035 0 0 0.261253 0.606165 0 0.455355 -0.196255 0.435689 0.606165 -0.261253 -0.751206 0 0 0 1 0 0 1 -1 
356.635 -90.3391 165.334 3.59103 0.371487 0.104283 0 0 0.252393 0.586322 0 0.451325 -0.194281 0.407476 0.586322 -0.252393 -0.769756 0 0 0 1 0 0 1 -1 
356.703 -90.3684 165.242 3.57551 0.36891 0.103532 0 0 0.251861 0.619435 0 0.460581 -0.187271 0.447133 0.619435 -0.251861 -0.74355 0 0 0 1 0 0 1 -1 
356.78 -90.3984 165.159 3.55999 0.3564 0.102781 0 0 0.248383 0.689008 0 0.46912 -0.169115 0.536426 0.689008 -0.248383 -0.680863 0 0 0 1 0 0 1 -1 
356.865 -90.4265 165.083 3.54447 0.353182 0.102029 0 0 0.228568 0.748655 0 0.465897 -0.142241 0.612728 0.748655 -0.228568 -0.622312 0 0 0 1 0 0 1 -1 
356.957 -90.4522 165.013 3.52895 0.347051 0.101278 0 0 0.211652 0.799954 0 0.44917 -0.118841 0.684723 0.799954 -0.211652 -0.561495 0 0 0 1 0 0 1 -1 
357.055 -90.4769 164.949 3.52015 0.339448 0.099349 0 0 0.198656 0.838172 0 0.425741 -0.100906 0.741997 0.838172 -0.198656 -0.50794 0 0 0 1 0 0 1 -1 
357.159 -90.5001 164.89 3.51135 0.343051 0.09742 0 0 0.196328 0.847224 0 0.418211 -0.0969126 0.756334 0.847224 -0.196328 -0.493625 0 0 0 1 0 0 1 -1 
357.212 -90.5132 164.858 3.50255 0.331629 0.0954911 0 0 0.193754 0.862527 0 0.403185 -0.0905697 0.781494 0.862527 -0.193754 -0.467446 0 0 0 1 0 0 1 -1 
357.267 -90.5244 164.832 3.49375 0.319297 0.0935621 0 0 0.174941 0.901216 0 0.357324 -0.0693626 0.842795 0.901216 -0.174941 -0.396491 0 0 0 1 0 0 1 -1 
357.318 -90.5339 164.811 3.48495 0.299678 0.0916331 0 0 0.157741 0.925409 0 0.318877 -0.0543543 0.881265 0.925409 -0.157741 -0.34458 0 0 0 1 0 0 1 -1 
357.365 -90.5411 164.795 3.48495 0.251964 0.0916331 0 0 0.139253 0.946731 0 0.274894 -0.0404337 0.91569 0.946731 -0.139253 -0.290362 0 0 0 1 0 0 1 -1 
357.401 -90.5461 164.786 3.48495 0.22628 0.0916331 0 0 0.14874 0.942011 0 0.283374 -0.0447436 0.909508 0.942011 -0.14874 -0.300818 0 0 0 1 0 0 1 -1 
357.417 -90.5493 164.779 3.48495 0.209039 0.0916331 0 0 0.19112 0.851915 0 0.415359 -0.0931824 0.762286 0.851915 -0.19112 -0.487559 0 0 0 1 0 0 1 -1 
357.408 -90.5476 164.782 3.48495 0.186172 0.0916331 0 0 0.19112 0.851915 0 0.415359 -0.0931824 0.762286 0.851915 -0.19112 -0.487559 0 0 0 1 0 0 1 -1 
ObjectType = Tube
ObjectSubType = Vessel
NDims = 3
ID = 3
ParentID = 50
Color = 0.9 0.1 0.1 1
BinaryData = False
TransformMatrix = 1 0 0 0 1 0 0 0 1
Offset = 0 0 0
CenterOfRotation = 0 0 0
ElementSpacing = 1 1 1
Root = False
Artery = True
PointDim = x y z r rn mn bn mk v1x v1y v1z v2x v2y v2z tx ty tz a1 a2 a3 red green blue alpha id
NPoints = 229
Points = 
384.639 -97.1385 161.5 3.64332 0.233089 0.0340021 0 0 -0.0766837 -0.997052 0 0.00276289 -0.000212495 0.999992 -0.997052 0.0766837 0.00277106 0 0 0 1 0 0 1 -1 
384.575 -97.135 161.503 3.64332 0.657534 0.0340021 0 0 -0.0766837 -0.997052 0 0.00276289 -0.000212495 0.999992 -0.997052 0.0766837 0.00277106 0 0 0 1 0 0 1 -1 
384.462 -97.1249 161.501 3.64332 0.758588 0.0340021 0 0 -0.0879144 -0.996085 0 0.00917763 -0.000810016 0.999915 -0.996085 0.0879144 0.0092137 0 0 0 1 0 0 1 -1 
384.361 -97.1162 161.505 3.64332 0.819213 0.0340021 0 0 -0.0888039 -0.994807 0 0.0494614 -0.00441529 0.997528 -0.994807 0.0888039 0.0497196 0 0 0 1 0 0 1 -1 
384.27 -97.1078 161.51 3.64332 0.84469 0.0340021 0 0 -0.11204 -0.990992 0 0.0726952 -0.00821878 0.994619 -0.990992 0.11204 0.0733559 0 0 0 1 0 0 1 -1 
384.188 -97.0965 161.518 3.64332 0.837647 0.0340021 0 0 -0.166559 -0.981192 0 0.0957411 -0.0162522 0.990479 -0.981192 0.166559 0.0975763 0 0 0 1 0 0 1 -1 
384.115 -97.0814 161.526 3.64303 0.794311 0.0361523 0 0 -0.247306 -0.962187 0 0.109856 -0.0282356 0.986965 -0.962187 0.247306 0.114173 0 0 0 1 0 0 1 -1 
384.051 -97.0614 161.534 3.64274 0.742691 0.0383025 0 0 -0.274543 -0.954283 0 0.112794 -0.0324503 0.986029 -0.954283 0.274543 0.118198 0 0 0 1 0 0 1 -1 
383.951 -97.0343 161.546 3.64245 0.72086 0.0404527 0 0 -0.285569 -0.948779 0 0.12824 -0.0385983 0.981731 -0.948779 0.285569 0.135163 0 0 0 1 0 0 1 -1 
383.854 -97.0022 161.562 3.64216 0.598168 0.0426029 0 0 -0.339793 -0.92558 0 0.154444 -0.0566984 0.972157 -0.92558 0.339793 0.166861 0 0 0 1 0 0 1 -1 
383.76 -96.964 161.581 3.64187 0.566207 0.0447531 0 0 -0.38664 -0.900844 0 0.177877 -0.0763445 0.961011 -0.900844 0.38664 0.197456 0 0 0 1 0 0 1 -1 
383.667 -96.922 161.603 3.64134 0.559634 0.0457337 0 0 -0.408361 -0.887804 0 0.188428 -0.0866708 0.954954 -0.887804 0.408361 0.212241 0 0 0 1 0 0 1 -1 
383.575 -96.879 161.625 3.6408 0.570338 0.0467142 0 0 -0.405642 -0.893586 0 0.171791 -0.0779842 0.96304 -0.893586 0.405642 0.192249 0 0 0 1 0 0 1 -1 
383.478 -96.836 161.643 3.64027 0.683532 0.0476948 0 0 -0.38788 -0.916385 0 0.0906559 -0.0383721 0.990213 -0.916385 0.38788 0.0989277 0 0 0 1 0 0 1 -1 
383.375 -96.7942 161.646 3.63974 0.677125 0.0486754 0 0 -0.38619 -0.920944 0 -0.0480329 0.0201422 0.99728 -0.920944 0.38619 -0.0521561 0 0 0 1 0 0 1 -1 
383.266 -96.747 161.631 3.63921 0.673802 0.0496559 0 0 -0.395232 -0.904553 0 -0.144661 0.0632077 0.974424 -0.904553 0.395232 -0.159926 0 0 0 1 0 0 1 -1 
383.155 -96.6982 161.608 3.63937 0.660837 0.0510055 0 0 -0.388407 -0.899816 0 -0.17877 0.0771666 0.960529 -0.899816 0.388407 -0.198674 0 0 0 1 0 0 1 -1 
383.042 -96.6504 161.582 3.63953 0.647234 0.0523552 0 0 -0.375231 -0.906174 0 -0.176763 0.0731945 0.96195 -0.906174 0.375231 -0.195065 0 0 0 1 0 0 1 -1 
382.929 -96.6048 161.559 3.63969 0.635246 0.0537048 0 0 -0.360782 -0.916206 0 -0.159751 0.0629066 0.969598 -0.916206 0.360782 -0.174362 0 0 0 1 0 0 1 -1 
382.816 -96.5616 161.539 3.63985 0.627148 0.0550544 0 0 -0.342285 -0.926927 0 -0.142538 0.0526348 0.976353 -0.926927 0.342285 -0.153775 0 0 0 1 0 0 1 -1 
382.704 -96.5216 161.522 3.64001 0.645066 0.056404 0 0 -0.336988 -0.934288 0 -0.108732 0.0392186 0.986456 -0.934288 0.336988 -0.11638 0 0 0 1 0 0 1 -1 
382.593 -96.4812 161.511 3.64219 0.447701 0.0598233 0 0 -0.328805 -0.944344 0 -0.00948756 0.00330341 0.999899 -0.944344 0.328805 -0.0100467 0 0 0 1 0 0 1 -1 
382.485 -96.4454 161.519 3.64437 0.418679 0.0632425 0 0 -0.285235 -0.943286 0 0.160224 -0.0484494 0.971148 -0.943286 0.285235 0.169858 0 0 0 1 0 0 1 -1 
382.38 -96.4166 161.55 3.64655 0.505402 0.0666618 0 0 -0.233435 -0.920066 0 0.289472 -0.0734434 0.901014 -0.920066 0.233435 0.31462 0 0 0 1 0 0 1 -1 
382.277 -96.3926 161.591 3.64873 0.529864 0.070081 0 0 -0.210207 -0.90023 0 0.343269 -0.0801544 0.854601 -0.90023 0.210207 0.381312 0 0 0 1 0 0 1 -1 
382.176 -96.369 161.636 3.65091 0.530886 0.0735003 0 0 -0.188843 -0.902815 0 0.3488 -0.072959 0.850736 -0.902815 0.188843 0.386347 0 0 0 1 0 0 1 -1 
382.071 -96.3495 161.679 3.65655 0.571126 0.0742428 0.071017 0 -0.164842 -0.919477 0 0.328175 -0.0588346 0.872612 -0.919477 0.164842 0.356915 0 0 0 1 0 0 1 -1 
381.964 -96.3309 161.719 3.66219 0.594656 0.0749854 0.142034 0 -0.151435 -0.931976 0 0.306971 -0.049879 0.891511 -0.931976 0.151435 0.329376 0 0 0 1 0 0 1 -1 
381.854 -96.3143 161.755 3.66783 0.597693 0.0757279 0.213051 0 -0.143598 -0.943461 0 0.281875 -0.0429024 0.910738 -0.943461 0.143598 0.298767 0 0 0 1 0 0 1 -1 
381.743 -96.2974 161.788 3.67347 0.598056 0.0764705 0.284068 0 -0.144813 -0.952165 0 0.256222 -0.0389683 0.927588 -0.952165 0.144813 0.269095 0 0 0 1 0 0 1 -1 
381.631 -96.2804 161.818 3.67911 0.600057 0.0772131 0.355085 0 -0.145527 -0.958927 0 0.233475 -0.0354322 0.94072 -0.958927 0.145527 0.243475 0 0 0 1 0 0 1 -1 
381.518 -96.2632 161.846 3.68943 0.664988 0.079477 0.284068 0 -0.147174 -0.964717 0 0.21061 -0.0321298 0.95234 -0.964717 0.147174 0.218312 0 0 0 1 0 0 1 -1 
381.404 -96.2457 161.87 3.69974 0.655272 0.0817408 0.213051 0 -0.160947 -0.965992 0 0.195491 -0.0325714 0.959045 -0.965992 0.160947 0.202374 0 0 0 1 0 0 1 -1 
381.29 -96.2252 161.893 3.71006 0.660847 0.0840047 0.142034 0 -0.192887 -0.963071 0 0.180915 -0.0362343 0.964712 -0.963071 0.192887 0.187852 0 0 0 1 0 0 1 -1 
381.177 -96.2002 161.914 3.72038 0.679698 0.0862686 0.071017 0 -0.238817 -0.956755 0 0.158908 -0.0396651 0.972414 -0.956755 0.238817 0.16609 0 0 0 1 0 0 1 -1 
381.067 -96.1696 161.932 3.73069 0.701431 0.0885325 0 0 -0.302542 -0.945741 0 0.112068 -0.0358504 0.985958 -0.945741 0.302542 0.118497 0 0 0 1 0 0 1 -1 
380.958 -96.1301 161.941 3.74635 0.705653 0.0883997 0 0 -0.371073 -0.927654 0 0.0389505 -0.0155807 0.998237 -0.927654 0.371073 0.0419882 0 0 0 1 0 0 1 -1 
380.847 -96.0816 161.942 3.76201 0.686712 0.0882669 0 0 -0.414197 -0.909955 0 -0.018701 0.0085124 0.999578 -0.909955 0.414197 -0.0205516 0 0 0 1 0 0 1 -1 
380.737 -96.0295 161.937 3.77767 0.655919 0.0881342 0 0 -0.427581 -0.901515 0 -0.0601051 0.0285074 0.995555 -0.901515 0.427581 -0.0666713 0 0 0 1 0 0 1 -1 
380.625 -95.976 161.925 3.79333 0.629526 0.0880014 0 0 -0.439927 -0.891111 0 -0.0991706 0.0489589 0.987615 -0.891111 0.439927 -0.111289 0 0 0 1 0 0 1 -1 
380.509 -95.9172 161.908 3.80899 0.606102 0.0878686 0 0 -0.446356 -0.88521 0 -0.115989 0.0584859 0.982831 -0.88521 0.446356 -0.13103 0 0 0 1 0 0 1 -1 
380.395 -95.8603 161.891 3.82982 0.601302 0.0879752 0 0 -0.436685 -0.891646 0 -0.106526 0.0521713 0.985727 -0.891646 0.436685 -0.119471 0 0 0 1 0 0 1 -1 
380.282 -95.8056 161.878 3.85065 0.506823 0.0880817 0 0 -0.408878 -0.90829 0 -0.0803649 0.0361773 0.992171 -0.90829 0.408878 -0.0884793 0 0 0 1 0 0 1 -1 
380.167 -95.7577 161.869 3.87148 0.45579 0.0881883 0 0 -0.358244 -0.933277 0 -0.0239074 0.00917698 0.999344 -0.933277 0.358244 -0.0256166 0 0 0 1 0 0 1 -1 
380.053 -95.7178 161.871 3.89231 0.414535 0.0882949 0 0 -0.297023 -0.952729 0 0.0608901 -0.0189831 0.995915 -0.952729 0.297023 0.0639112 0 0 0 1 0 0 1 -1 
379.941 -95.687 161.884 3.91315 0.37587 0.0884014 0 0 -0.238176 -0.9576 0 0.15522 -0.0386067 0.973726 -0.9576 0.238176 0.162093 0 0 0 1 0 0 1 -1 
379.832 -95.663 161.909 3.93799 0.390176 0.0869316 0 0 -0.188573 -0.950453 0 0.234899 -0.0466047 0.93892 -0.950453 0.188573 0.247144 0 0 0 1 0 0 1 -1 
379.726 -95.6445 161.94 3.96284 0.456448 0.0854618 0 0 -0.127347 -0.935991 0 0.307175 -0.0417928 0.892297 -0.935991 0.127347 0.328181 0 0 0 1 0 0 1 -1 
379.624 -95.6346 161.982 3.98769 0.42769 0.0839919 0 0 -0.0737983 -0.92152 0 0.351333 -0.0281359 0.854645 -0.92152 0.0737983 0.381254 0 0 0 1 0 0 1 -1 
379.522 -95.6281 162.025 4.01254 0.459863 0.0825221 0 0 -0.03465 -0.919086 0 0.36077 -0.0136012 0.84592 -0.919086 0.03465 0.392531 0 0 0 1 0 0 1 -1 
379.418 -95.6269 162.07 4.03739 0.478261 0.0810523 0 0 0.00361145 -0.915298 0 0.368646 0.00145455 0.837784 -0.915298 -0.00361145 0.402761 0 0 0 1 0 0 1 -1 
379.313 -95.6289 162.116 4.06421 0.496286 0.0794351 0 0 0.0319111 -0.907416 0 0.380226 0.0133714 0.824422 -0.907416 -0.0319111 0.41902 0 0 0 1 0 0 1 -1 
379.21 -95.6342 162.166 4.09103 0.507587 0.0778178 0 0 0.0548497 -0.899941 0 0.389268 0.0237251 0.812902 -0.899941 -0.0548497 0.432548 0 0 0 1 0 0 1 -1 
379.106 -95.6415 162.216 4.11786 0.537396 0.0762006 0 0 0.059066 -0.90458 0 0.381906 0.0249372 0.821754 -0.90458 -0.059066 0.422192 0 0 0 1 0 0 1 -1 
379.001 -95.6478 162.263 4.14469 0.585965 0.0745834 0 0 0.0545829 -0.91153 0 0.371535 0.0222477 0.833867 -0.91153 -0.0545829 0.407595 0 0 0 1 0 0 1 -1 
378.894 -95.6542 162.311 4.17151 0.57032 0.0729662 0 0 0.0496017 -0.917097 0 0.362773 0.0196208 0.843527 -0.917097 -0.0496017 0.395566 0 0 0 1 0 0 1 -1 
378.787 -95.6594 162.356 4.19776 0.549819 0.0738461 0 0 0.0390977 -0.928806 0 0.342264 0.0144075 0.864209 -0.928806 -0.0390977 0.368499 0 0 0 1 0 0 1 -1 
378.678 -95.6633 162.397 4.22401 0.520977 0.074726 0 0 0.0245386 -0.940081 0 0.319691 0.00834478 0.884354 -0.940081 -0.0245386 0.340067 0 0 0 1 0 0 1 -1 
378.568 -95.6651 162.435 4.25026 0.485735 0.0756059 0 0 0.00097514 -0.948167 0 0.301299 0.00030987 0.899022 -0.948167 -0.00097514 0.31777 0 0 0 1 0 0 1 -1 
378.458 -95.6636 162.47 4.27651 0.447528 0.0764858 0 0 -0.0067924 -0.945259 0 0.308392 -0.00221603 0.89356 -0.945259 0.0067924 0.326251 0 0 0 1 0 0 1 -1 
378.348 -95.6635 162.511 4.30277 0.413139 0.0773657 0 0 -0.00295236 -0.931023 0 0.339775 -0.00107746 0.866813 -0.931023 0.00295236 0.364948 0 0 0 1 0 0 1 -1 
378.239 -95.6629 162.556 4.32593 0.38534 0.0782686 0 0 -0.00492599 -0.919692 0 0.361079 -0.00193399 0.845858 -0.919692 0.00492599 0.392609 0 0 0 1 0 0 1 -1 
378.13 -95.6624 162.604 4.34909 0.368361 0.0791714 0 0 -0.00179683 -0.908886 0 0.379042 -0.000749351 0.826077 -0.908886 0.00179683 0.41704 0 0 0 1 0 0 1 -1 
378.022 -95.6624 162.656 4.37225 0.359441 0.0800743 0 0 0.0112111 -0.891671 0 0.403522 0.00507355 0.795202 -0.891671 -0.0112111 0.452546 0 0 0 1 0 0 1 -1 
377.912 -95.6651 162.714 4.39542 0.356119 0.0809771 0 0 0.0236124 -0.871206 0 0.427195 0.0115783 0.759558 -0.871206 -0.0236124 0.490349 0 0 0 1 0 0 1 -1 
377.804 -95.6683 162.778 4.41858 0.340001 0.08188 0 0 0.024141 -0.850929 0 0.446505 0.0126674 0.724662 -0.850929 -0.024141 0.524726 0 0 0 1 0 0 1 -1 
377.694 -95.6713 162.849 4.43673 0.324208 0.0815521 0 0 0.028679 -0.831415 0 0.461361 0.0159143 0.692074 -0.831415 -0.028679 0.554911 0 0 0 1 0 0 1 -1 
377.584 -95.6759 162.925 4.45488 0.259539 0.0812242 0 0 0.0187848 -0.832509 0 0.460954 0.010401 0.693425 -0.832509 -0.0187848 0.553693 0 0 0 1 0 0 1 -1 
377.471 -95.6763 162.997 4.47303 0.26981 0.0808963 0 0 -0.00558631 -0.850337 0 0.447455 -0.00293956 0.723105 -0.850337 0.00558631 0.526208 0 0 0 1 0 0 1 -1 
377.357 -95.6744 163.066 4.49117 0.277817 0.0805685 0 0 -0.0265586 -0.864541 0 0.433878 -0.0133287 0.748137 -0.864541 0.0265586 0.501859 0 0 0 1 0 0 1 -1 
377.242 -95.6693 163.13 4.50933 0.283955 0.0802406 0 0 -0.0560144 -0.880621 0 0.414331 -0.0263547 0.778631 -0.880621 0.0560144 0.470499 0 0 0 1 0 0 1 -1 
377.125 -95.6597 163.189 4.52147 0.285665 0.0806735 0 0 -0.0880574 -0.896777 0 0.388871 -0.0381845 0.811963 -0.896777 0.0880574 0.433632 0 0 0 1 0 0 1 -1 
377.009 -95.6464 163.243 4.53361 0.31177 0.0811063 0 0 -0.120486 -0.915934 0 0.350635 -0.0461239 0.853451 -0.915934 0.120486 0.382817 0 0 0 1 0 0 1 -1 
376.893 -95.6291 163.286 4.54575 0.320231 0.0815392 0 0 -0.161155 -0.936923 0 0.290604 -0.0499851 0.903796 -0.936923 0.161155 0.310168 0 0 0 1 0 0 1 -1 
376.778 -95.6067 163.319 4.55789 0.324577 0.0819721 0 0 -0.20836 -0.948969 0 0.224655 -0.0493264 0.943956 -0.948969 0.20836 0.236736 0 0 0 1 0 0 1 -1 
376.665 -95.579 163.343 4.57004 0.337557 0.082405 0 0 -0.254226 -0.952656 0 0.158883 -0.0423996 0.972185 -0.952656 0.254226 0.166779 0 0 0 1 0 0 1 -1 
376.555 -95.5471 163.358 4.57622 0.355774 0.0847699 0 0 -0.298441 -0.949536 0 0.0916379 -0.0288019 0.990686 -0.949536 0.298441 0.096508 0 0 0 1 0 0 1 -1 
376.446 -95.5103 163.366 4.58239 0.37859 0.0871349 0 0 -0.350631 -0.936082 0 0.0266256 -0.00997324 0.999191 -0.936082 0.350631 0.0284437 0 0 0 1 0 0 1 -1 
376.341 -95.4672 163.365 4.58857 0.402651 0.0894999 0 0 -0.402717 -0.914579 0 -0.0337717 0.0148707 0.998636 -0.914579 0.402717 -0.0369259 0 0 0 1 0 0 1 -1 
376.239 -95.4191 163.357 4.59475 0.42581 0.0918649 0 0 -0.441384 -0.892415 0 -0.0836032 0.0413497 0.991224 -0.892415 0.441384 -0.093682 0 0 0 1 0 0 1 -1 
376.139 -95.3671 163.344 4.60092 0.437156 0.0942299 0 0 -0.471072 -0.873423 0 -0.107765 0.0581222 0.984777 -0.873423 0.471072 -0.123383 0 0 0 1 0 0 1 -1 
376.04 -95.3119 163.329 4.6021 0.470676 0.0968105 0 0 -0.484563 -0.864862 0 -0.113467 0.0635734 0.982787 -0.864862 0.484563 -0.131197 0 0 0 1 0 0 1 -1 
375.942 -95.2566 163.314 4.60328 0.475425 0.0993912 0 0 -0.476939 -0.868602 0 -0.116729 0.0640944 0.98194 -0.868602 0.476939 -0.134387 0 0 0 1 0 0 1 -1 
375.841 -95.2026 163.298 4.60446 0.512101 0.101972 0 0 -0.458153 -0.880432 0 -0.107602 0.055993 0.985064 -0.880432 0.458153 -0.122215 0 0 0 1 0 0 1 -1 
375.74 -95.1518 163.286 4.60564 0.536597 0.104552 0 0 -0.410628 -0.907823 0 -0.0772601 0.0349464 0.992757 -0.907823 0.410628 -0.0851048 0 0 0 1 0 0 1 -1 
375.635 -95.1092 163.279 4.60682 0.565494 0.107133 0 0 -0.338479 -0.940358 0 -0.0320082 0.0115213 0.998841 -0.940358 0.338479 -0.0340384 0 0 0 1 0 0 1 -1 
375.526 -95.0746 163.278 4.60473 0.587729 0.108899 0 0 -0.269135 -0.963094 0 0.0039062 -0.00109158 0.999984 -0.963094 0.269135 0.00405588 0 0 0 1 0 0 1 -1 
375.412 -95.0468 163.28 4.60265 0.600214 0.110665 0 0 -0.202724 -0.978842 0 0.0271882 -0.00563082 0.999228 -0.978842 0.202724 0.0277759 0 0 0 1 0 0 1 -1 
375.295 -95.0267 163.285 4.60056 0.607351 0.11243 0 0 -0.150472 -0.987535 0 0.0456174 -0.00695076 0.997866 -0.987535 0.150472 0.0461932 0 0 0 1 0 0 1 -1 
375.176 -95.011 163.291 4.59848 0.610483 0.114196 0 0 -0.117237 -0.9919 0 0.048487 -0.0057309 0.99761 -0.9919 0.117237 0.048883 0 0 0 1 0 0 1 -1 
375.055 -94.9984 163.296 4.59639 0.610903 0.115962 0 0 -0.0984667 -0.99433 0 0.0399191 -0.00395311 0.998388 -0.99433 0.0984667 0.0401467 0 0 0 1 0 0 1 -1 
374.933 -94.9869 163.301 4.59336 0.606947 0.115283 0 0 -0.0921541 -0.995562 0 0.019003 -0.00175901 0.999636 -0.995562 0.0921541 0.0190877 0 0 0 1 0 0 1 -1 
374.811 -94.9759 163.301 4.59033 0.609478 0.114605 0 0 -0.111514 -0.993177 0 -0.0338974 0.00380599 0.998835 -0.993177 0.111514 -0.0341303 0 0 0 1 0 0 1 -1 
374.691 -94.9598 163.293 4.58729 0.637776 0.113926 0 0 -0.143212 -0.984829 0 -0.0964994 0.0140327 0.990399 -0.984829 0.143212 -0.0979858 0 0 0 1 0 0 1 -1 
374.576 -94.9416 163.278 4.58426 0.659048 0.113248 0 0 -0.165535 -0.973925 0 -0.151095 0.0256813 0.975931 -0.973925 0.165535 -0.155141 0 0 0 1 0 0 1 -1 
374.461 -94.9206 163.256 4.58123 0.681117 0.112569 0 0 -0.195433 -0.958518 0 -0.198875 0.0405488 0.956951 -0.958518 0.195433 -0.207482 0 0 0 1 0 0 1 -1 
374.35 -94.8956 163.229 4.57995 0.707264 0.111194 0 0 -0.218206 -0.941004 0 -0.243387 0.056438 0.933102 -0.941004 0.218206 -0.258646 0 0 0 1 0 0 1 -1 
374.242 -94.8698 163.196 4.57867 0.744278 0.109819 0 0 -0.232609 -0.920118 0 -0.289912 0.0732908 0.900724 -0.920118 0.232609 -0.315081 0 0 0 1 0 0 1 -1 
374.138 -94.8419 163.156 4.5774 0.783437 0.108444 0 0 -0.255533 -0.892832 0 -0.331136 0.0947728 0.862446 -0.892832 0.255533 -0.370882 0 0 0 1 0 0 1 -1 
374.037 -94.8111 163.11 4.57612 0.787503 0.107069 0 0 -0.267319 -0.86869 0 -0.362274 0.111481 0.826082 -0.86869 0.267319 -0.417035 0 0 0 1 0 0 1 -1 
373.939 -94.7806 163.06 4.57484 0.731441 0.105694 0 0 -0.272522 -0.850709 0 -0.382371 0.122491 0.797973 -0.850709 0.272522 -0.449474 0 0 0 1 0 0 1 -1 
373.842 -94.7486 163.007 4.57809 0.66683 0.107805 0.0288436 0 -0.279067 -0.837342 0 -0.393622 0.131185 0.779021 -0.837342 0.279067 -0.470084 0 0 0 1 0 0 1 -1 
373.746 -94.7163 162.952 4.58133 0.592599 0.109915 0.0576872 0 -0.27981 -0.83246 0 -0.398119 0.133817 0.771283 -0.83246 0.27981 -0.478243 0 0 0 1 0 0 1 -1 
373.65 -94.684 162.897 4.58458 0.52969 0.112025 0.0865308 0 -0.260355 -0.841461 0 -0.398393 0.123266 0.775841 -0.841461 0.260355 -0.473455 0 0 0 1 0 0 1 -1 
373.551 -94.6561 162.843 4.58783 0.448597 0.114136 0.115374 0 -0.235974 -0.855309 0 -0.394521 0.108846 0.787238 -0.855309 0.235974 -0.461261 0 0 0 1 0 0 1 -1 
373.452 -94.6295 162.79 4.59107 0.40638 0.116246 0.144218 0 -0.206385 -0.873411 0 -0.38525 0.0910338 0.805442 -0.873411 0.206385 -0.441087 0 0 0 1 0 0 1 -1 
373.35 -94.6085 162.741 4.60123 0.385485 0.113265 0.115374 0 -0.179397 -0.890841 0 -0.371832 0.0748794 0.825782 -0.890841 0.179397 -0.417394 0 0 0 1 0 0 1 -1 
373.246 -94.5879 162.694 4.61138 0.376268 0.110283 0.0865308 0 -0.147107 -0.910939 0 -0.351096 0.0566982 0.85145 -0.910939 0.147107 -0.385422 0 0 0 1 0 0 1 -1 
373.138 -94.5742 162.651 4.62154 0.369835 0.107301 0.0576872 0 -0.100564 -0.932108 0 -0.324317 0.0349903 0.878938 -0.932108 0.100564 -0.347939 0 0 0 1 0 0 1 -1 
373.026 -94.5643 162.612 4.63169 0.319963 0.104319 0.0288436 0 -0.0650436 -0.947353 0 -0.297009 0.0203921 0.901709 -0.947353 0.0650436 -0.313514 0 0 0 1 0 0 1 -1 
372.914 -94.5589 162.577 4.64185 0.293932 0.101337 0 0 -0.0622538 -0.954406 0 -0.278637 0.0181749 0.914766 -0.954406 0.0622538 -0.291949 0 0 0 1 0 0 1 -1 
372.801 -94.5496 162.543 4.66038 0.241576 0.100857 0 0 -0.0390247 -0.965423 0 -0.24884 0.0100587 0.933564 -0.965423 0.0390247 -0.257753 0 0 0 1 0 0 1 -1 
372.684 -94.5496 162.516 4.67891 0.287148 0.100377 0 0 0.00184359 -0.977797 0 -0.204896 -0.00038632 0.95609 -0.977797 -0.00184359 -0.209548 0 0 0 1 0 0 1 -1 
372.565 -94.55 162.492 4.69744 0.199976 0.0998963 0 0 -0.00252361 -0.984494 0 -0.17268 0.000442641 0.969235 -0.984494 0.00252361 -0.1754 0 0 0 1 0 0 1 -1 
372.446 -94.549 162.473 4.71597 0.277502 0.0994161 0 0 -0.00687131 -0.989991 0 -0.139553 0.000968607 0.980129 -0.989991 0.00687131 -0.140964 0 0 0 1 0 0 1 -1 
372.326 -94.5484 162.458 4.7345 0.220289 0.0989358 0 0 -0.0300157 -0.992042 0 -0.121303 0.0036702 0.985049 -0.992042 0.0300157 -0.122276 0 0 0 1 0 0 1 -1 
372.206 -94.5417 162.444 4.76149 0.280872 0.0976694 0 0 -0.0620161 -0.992713 0 -0.10257 0.00640766 0.989324 -0.992713 0.0620161 -0.103322 0 0 0 1 0 0 1 -1 
372.087 -94.5335 162.433 4.78848 0.282012 0.0964029 0 0 -0.0860137 -0.992655 0 -0.084454 0.00731796 0.992762 -0.992655 0.0860137 -0.0850789 0 0 0 1 0 0 1 -1 
371.968 -94.5211 162.423 4.81546 0.329031 0.0951364 0 0 -0.0918109 -0.993778 0 -0.0626586 0.00578876 0.996025 -0.993778 0.0918109 -0.0630509 0 0 0 1 0 0 1 -1 
371.848 -94.5114 162.418 4.84245 0.214725 0.0938699 0 0 -0.127557 -0.990145 0 -0.0572358 0.0073735 0.996659 -0.990145 0.127557 -0.0578055 0 0 0 1 0 0 1 -1 
371.733 -94.4908 162.41 4.86944 0.292973 0.0926035 0 0 -0.179398 -0.98106 0 -0.0716788 0.0131073 0.994662 -0.98106 0.179398 -0.0730626 0 0 0 1 0 0 1 -1 
371.618 -94.4692 162.401 4.90333 0.29162 0.0905973 0 0 -0.192734 -0.978271 0 -0.0747508 0.014727 0.994161 -0.978271 0.192734 -0.0764111 0 0 0 1 0 0 1 -1 
371.503 -94.4454 162.392 4.93722 0.31536 0.0885912 0 0 -0.202166 -0.976055 0 -0.0783563 0.0162296 0.993555 -0.976055 0.202166 -0.0802785 0 0 0 1 0 0 1 -1 
371.388 -94.4217 162.382 4.97111 0.348809 0.0865851 0 0 -0.199038 -0.977738 0 -0.0649523 0.0132223 0.995587 -0.977738 0.199038 -0.0664312 0 0 0 1 0 0 1 -1 
371.272 -94.3984 162.376 5.00499 0.337532 0.0845789 0 0 -0.19708 -0.978933 0 -0.0522544 0.0105199 0.997151 -0.978933 0.19708 -0.0533789 0 0 0 1 0 0 1 -1 
371.156 -94.375 162.37 5.03888 0.349381 0.0825728 0 0 -0.193136 -0.979692 0 -0.052771 0.0104032 0.997099 -0.979692 0.193136 -0.0538649 0 0 0 1 0 0 1 -1 
371.04 -94.3527 162.363 5.0765 0.368356 0.0798739 0 0 -0.190275 -0.980729 0 -0.0434833 0.00843636 0.998034 -0.980729 0.190275 -0.0443377 0 0 0 1 0 0 1 -1 
370.923 -94.3297 162.359 5.11412 0.388124 0.0771751 0 0 -0.185662 -0.982264 0 -0.0257461 0.00486637 0.999313 -0.982264 0.185662 -0.026211 0 0 0 1 0 0 1 -1 
370.804 -94.308 162.357 5.15175 0.405329 0.0744763 0 0 -0.174694 -0.984526 0 -0.0136246 0.00241755 0.999808 -0.984526 0.174694 -0.0138388 0 0 0 1 0 0 1 -1 
370.685 -94.2875 162.356 5.18937 0.439831 0.0717774 0 0 -0.168883 -0.985635 0 -0.00148964 0.00025524 0.999998 -0.985635 0.168883 -0.00151135 0 0 0 1 0 0 1 -1 
370.566 -94.2673 162.357 5.22699 0.461837 0.0690786 0 0 -0.161598 -0.986739 0 0.0150112 -0.00245838 0.999769 -0.986739 0.161598 0.0152129 0 0 0 1 0 0 1 -1 
370.445 -94.2483 162.359 5.26397 0.488678 0.0670902 0 0 -0.155682 -0.987428 0 0.0270175 -0.0042597 0.999251 -0.987428 0.155682 0.0273615 0 0 0 1 0 0 1 -1 
370.326 -94.2294 162.363 5.30094 0.502823 0.0651018 0 0 -0.148765 -0.98807 0 0.0393585 -0.00592588 0.998413 -0.98807 0.148765 0.0398337 0 0 0 1 0 0 1 -1 
370.204 -94.2119 162.369 5.33791 0.50838 0.0631135 0 0 -0.133768 -0.989463 0 0.0548178 -0.00741097 0.996931 -0.989463 0.133768 0.0554015 0 0 0 1 0 0 1 -1 
370.083 -94.1966 162.377 5.37488 0.507238 0.0611251 0 0 -0.114924 -0.990875 0 0.0697738 -0.00809251 0.995042 -0.990875 0.114924 0.0704164 0 0 0 1 0 0 1 -1 
369.96 -94.1836 162.386 5.41186 0.491848 0.0591367 0 0 -0.109803 -0.991177 0 0.0735904 -0.00815238 0.994488 -0.991177 0.109803 0.0742455 0 0 0 1 0 0 1 -1 
369.838 -94.1694 162.395 5.4432 0.463671 0.0582471 0 0 -0.101278 -0.991505 0 0.0809222 -0.00826584 0.993339 -0.991505 0.101278 0.0816155 0 0 0 1 0 0 1 -1 
369.715 -94.1586 162.407 5.47454 0.452879 0.0573574 0 0 -0.0820998 -0.992322 0 0.0917936 -0.00759454 0.991443 -0.992322 0.0820998 0.0925038 0 0 0 1 0 0 1 -1 
369.591 -94.149 162.418 5.50589 0.441114 0.0564678 0 0 -0.0759829 -0.992065 0 0.0993688 -0.00761072 0.989967 -0.992065 0.0759829 0.100164 0 0 0 1 0 0 1 -1 
369.467 -94.1396 162.432 5.53723 0.425776 0.0555781 0 0 -0.0667947 -0.991968 0 0.106551 -0.0071747 0.988462 -0.991968 0.0667947 0.107414 0 0 0 1 0 0 1 -1 
369.342 -94.1323 162.445 5.56858 0.416461 0.0546885 0 0 -0.0531147 -0.992907 0 0.105613 -0.00564966 0.988686 -0.992907 0.0531147 0.106367 0 0 0 1 0 0 1 -1 
369.216 -94.1262 162.459 5.58954 0.403081 0.0543909 0 0 -0.0521292 -0.992541 0 0.109386 -0.00574506 0.987854 -0.992541 0.0521292 0.110208 0 0 0 1 0 0 1 -1 
369.09 -94.119 162.473 5.61049 0.392668 0.0540934 0 0 -0.0604951 -0.991983 0 0.110059 -0.00671181 0.987691 -0.991983 0.0604951 0.110948 0 0 0 1 0 0 1 -1 
368.964 -94.1108 162.487 5.63145 0.396993 0.0537959 0 0 -0.0731159 -0.991459 0 0.107076 -0.00789641 0.988336 -0.991459 0.0731159 0.107999 0 0 0 1 0 0 1 -1 
368.839 -94.1005 162.5 5.65241 0.409074 0.0534984 0 0 -0.0942814 -0.989922 0 0.104599 -0.00996214 0.988835 -0.989922 0.0942814 0.105664 0 0 0 1 0 0 1 -1 
368.714 -94.087 162.513 5.67336 0.445446 0.0532008 0 0 -0.121501 -0.987578 0 0.0983984 -0.0121058 0.990073 -0.987578 0.121501 0.099636 0 0 0 1 0 0 1 -1 
368.592 -94.0702 162.525 5.6802 0.473981 0.0527925 0.0870466 0 -0.158583 -0.983598 0 0.0845354 -0.0136294 0.992613 -0.983598 0.158583 0.085945 0 0 0 1 0 0 1 -1 
368.471 -94.0479 162.535 5.68704 0.497292 0.0523841 0.174093 0 -0.196185 -0.977933 0 0.0702384 -0.0140906 0.994841 -0.977933 0.196185 0.0718233 0 0 0 1 0 0 1 -1 
368.353 -94.0222 162.543 5.69388 0.545032 0.0519757 0.26114 0 -0.236233 -0.969506 0 0.0632227 -0.0154051 0.995748 -0.969506 0.236233 0.0652113 0 0 0 1 0 0 1 -1 
368.238 -93.991 162.55 5.70072 0.58338 0.0515674 0.348186 0 -0.279965 -0.958684 0 0.04837 -0.0141255 0.997454 -0.958684 0.279965 0.0504546 0 0 0 1 0 0 1 -1 
368.125 -93.9554 162.555 5.70756 0.627798 0.051159 0.435233 0 -0.308083 -0.950857 0 0.0294047 -0.00952731 0.999044 -0.950857 0.308083 0.0309245 0 0 0 1 0 0 1 -1 
368.011 -93.9176 162.558 5.6983 0.674604 0.0507771 0.348186 0 -0.322637 -0.946354 0 0.0169181 -0.00576781 0.99968 -0.946354 0.322637 0.0178771 0 0 0 1 0 0 1 -1 
367.901 -93.8793 162.559 5.68904 0.716758 0.0503953 0.26114 0 -0.333746 -0.942615 0 0.00897356 -0.00317721 0.999909 -0.942615 0.333746 0.00951986 0 0 0 1 0 0 1 -1 
367.79 -93.8391 162.56 5.67978 0.762335 0.0500134 0.174093 0 -0.337343 -0.94133 0 0.00928318 -0.00332679 0.999903 -0.94133 0.337343 0.00986176 0 0 0 1 0 0 1 -1 
367.679 -93.7998 162.561 5.67052 0.812043 0.0496316 0.0870466 0 -0.332057 -0.943249 0 0.00421767 -0.00148477 0.99998 -0.943249 0.332057 0.00447143 0 0 0 1 0 0 1 -1 
367.569 -93.7613 162.561 5.66126 0.867007 0.0492497 0 0 -0.327282 -0.944891 0 -0.00771119 0.00267093 0.999933 -0.944891 0.327282 -0.00816093 0 0 0 1 0 0 1 -1 
367.457 -93.7229 162.56 5.63614 0.868894 0.0486715 0 0 -0.318523 -0.947828 0 -0.0122212 0.00410701 0.999834 -0.947828 0.318523 -0.0128939 0 0 0 1 0 0 1 -1 
367.346 -93.6864 162.558 5.61101 0.840128 0.0480934 0 0 -0.305951 -0.951879 0 -0.0170511 0.00548055 0.999679 -0.951879 0.305951 -0.0179131 0 0 0 1 0 0 1 -1 
367.233 -93.651 162.555 5.58588 0.805189 0.0475152 0 0 -0.295436 -0.95511 0 -0.0209932 0.00649367 0.999517 -0.95511 0.295436 -0.0219799 0 0 0 1 0 0 1 -1 
367.12 -93.6166 162.553 5.56075 0.761627 0.046937 0 0 -0.290224 -0.956705 0 -0.02107 0.00639176 0.999515 -0.956705 0.290224 -0.0220235 0 0 0 1 0 0 1 -1 
367.007 -93.5823 162.55 5.53563 0.728402 0.0463589 0 0 -0.284924 -0.9583 0 -0.020995 0.00624228 0.99952 -0.9583 0.284924 -0.0219086 0 0 0 1 0 0 1 -1 
366.893 -93.549 162.548 5.49718 0.699812 0.0471099 0 0 -0.282741 -0.958924 0 -0.0219177 0.0064625 0.999478 -0.958924 0.282741 -0.0228566 0 0 0 1 0 0 1 -1 
366.781 -93.5155 162.545 5.45874 0.672336 0.0478609 0 0 -0.286086 -0.958101 0 -0.0134554 0.00401774 0.999803 -0.958101 0.286086 -0.0140438 0 0 0 1 0 0 1 -1 
366.667 -93.4815 162.544 5.4203 0.661294 0.0486119 0 0 -0.28228 -0.959332 0 -0.000566115 0.000166577 1 -0.959332 0.28228 -0.000590113 0 0 0 1 0 0 1 -1 
366.553 -93.4485 162.545 5.38186 0.653119 0.0493629 0 0 -0.279425 -0.960103 0 0.0106698 -0.0031053 0.999876 -0.960103 0.279425 0.0111131 0 0 0 1 0 0 1 -1 
366.44 -93.4156 162.547 5.34342 0.643749 0.0501139 0 0 -0.284242 -0.958194 0 0.0313515 -0.00930024 0.998929 -0.958194 0.284242 0.0327194 0 0 0 1 0 0 1 -1 
366.327 -93.3814 162.552 5.29626 0.635372 0.0518067 0 0 -0.28987 -0.955496 0 0.0523667 -0.0158865 0.996996 -0.955496 0.28987 0.0548058 0 0 0 1 0 0 1 -1 
366.214 -93.3468 162.56 5.24911 0.622871 0.0534996 0 0 -0.296213 -0.952079 0 0.0725242 -0.0225639 0.994197 -0.952079 0.296213 0.0761746 0 0 0 1 0 0 1 -1 
366.101 -93.3113 162.57 5.20195 0.605381 0.0551924 0 0 -0.304297 -0.947981 0 0.0886028 -0.0284411 0.991264 -0.947981 0.304297 0.0934647 0 0 0 1 0 0 1 -1 
365.989 -93.2748 162.582 5.1548 0.584829 0.0568852 0 0 -0.313147 -0.944157 0 0.096779 -0.0320985 0.989493 -0.944157 0.313147 0.102503 0 0 0 1 0 0 1 -1 
365.877 -93.237 162.595 5.10765 0.566969 0.0585781 0 0 -0.325962 -0.938785 0 0.104676 -0.0363452 0.987567 -0.938785 0.325962 0.111502 0 0 0 1 0 0 1 -1 
365.767 -93.1977 162.608 5.05775 0.54689 0.0617474 0 0 -0.342215 -0.933382 0 0.100904 -0.0369956 0.988313 -0.933382 0.342215 0.108106 0 0 0 1 0 0 1 -1 
365.657 -93.156 162.62 5.00785 0.531176 0.0649167 0 0 -0.363725 -0.926058 0 0.0931631 -0.0365914 0.989879 -0.926058 0.363725 0.100602 0 0 0 1 0 0 1 -1 
365.549 -93.1119 162.632 4.95795 0.514803 0.0680861 0 0 -0.386701 -0.917938 0 0.0813346 -0.0342639 0.992149 -0.917938 0.386701 0.0886057 0 0 0 1 0 0 1 -1 
365.441 -93.0654 162.641 4.90805 0.510518 0.0712554 0 0 -0.407842 -0.910484 0 0.062312 -0.027912 0.995316 -0.910484 0.407842 0.0684383 0 0 0 1 0 0 1 -1 
365.335 -93.0159 162.648 4.85815 0.515621 0.0744247 0 0 -0.432851 -0.900195 0 0.0430711 -0.0207104 0.997711 -0.900195 0.432851 0.0478465 0 0 0 1 0 0 1 -1 
365.23 -92.9638 162.652 4.81187 0.528531 0.0768716 0 0 -0.467521 -0.883671 0 0.0207123 -0.0109582 0.999451 -0.883671 0.467521 0.023439 0 0 0 1 0 0 1 -1 
365.127 -92.906 162.654 4.76558 0.542677 0.0793184 0 0 -0.493557 -0.869701 0 -0.00398655 0.00226237 0.999979 -0.869701 0.493557 -0.00458381 0 0 0 1 0 0 1 -1 
